  -0.50000    0.00000    0.38000
  -0.27900    0.08550   -0.00000
  -0.11200    0.14400   -0.21760
   0.00700    0.17850   -0.31360
   0.08400    0.19200   -0.32400
   0.12500    0.18750   -0.28000
   0.13600    0.16800   -0.20800
   0.12300    0.13650   -0.12960
   0.09200    0.09600   -0.06160
   0.04900    0.04950   -0.01600
   0.00000   -0.00000   -0.00000
  -0.04900   -0.04950   -0.01600
  -0.09200   -0.09600   -0.06160
  -0.12300   -0.13650   -0.12960
  -0.13600   -0.16800   -0.20800
  -0.12500   -0.18750   -0.28000
  -0.08400   -0.19200   -0.32400
  -0.00700   -0.17850   -0.31360
   0.11200   -0.14400   -0.21760
   0.27900   -0.08550    0.00000
   0.50000    0.00000    0.38000
