x  y  z Looping 4.5cm Looping 6cm 89 au lieu de 85   transformer en m
0.85 0.40 0.75
0.85 0.45 0.70
0.85 0.55 0.60
0.845 0.595 0.645
0.84 0.55 0.69
0.835 0.505 0.645
0.80 0.55 0.60
0.80 0.85 0.55
0.80 0.95 0.55
0.75 0.95 0.55
0.65 0.95 0.50
0.53 0.95 0.45
0.42 0.95 0.45
0.35 0.95 0.42
0.25 0.95 0.42
0.15 0.95 0.40
0.05 0.95 0.40
0.05 0.50 0.25
0.055 0.44 0.31
0.06 0.50 0.36
0.065 0.56 0.30
0.07 0.47 0.24
0.05 0.10 0.20
0.25 0.05 0.20
0.50 0.05 0.20
0.60 0.50 0.15
0.60 0.60 0.12
0.45 0.60 0.09
0.45 0.50 0.07
0.60 0.50 0.07
0.65 0.50 0.06
0.75 0.50 0
